#
#  UserParam_rayraw_20240720
#

#------------------------------------------------------------------------------
# Hodoscope
#------------------------------------------------------------------------------

## RAYRAW

RangeRAYRAW 15 65
TdcRAYRAW 0 1000000
PedRAYRAW	512.715	509.716	510.477	512.201	512.428	513.770	512.664	512.914	511.400	512.554	511.742	512.846	513.953	511.393	511.996	511.546	511.460	512.104	510.802	511.490	512.175	511.661	512.255	512.426	512.471	511.406	510.964	511.572	512.802	510.566	513.044	510.903
