#
#  UserParam_rayraw_20240720
#

#------------------------------------------------------------------------------
# Hodoscope
#------------------------------------------------------------------------------

## RAYRAW

RangeRAYRAW 15 65
TdcRAYRAW 0 1000000
PedRAYRAW	512.840	509.388	510.595	512.241	512.477	515.551	512.995	512.942	511.441	512.629	511.859	512.924	514.100	511.498	512.102	511.706	511.518	512.224	510.934	511.579	512.256	511.768	512.408	512.542	512.581	511.450	511.076	511.764	512.889	510.625	513.447	511.019
