#
#  UserParam_rayraw_20240720
#

#------------------------------------------------------------------------------
# Hodoscope
#------------------------------------------------------------------------------

## RAYRAW

RangeRAYRAW 15 65
TdcRAYRAW 0 1000000
PedRAYRAW	512.460	509.142	510.175	512.045	512.226	512.358	512.273	512.767	511.239	512.386	511.562	512.703	513.807	511.256	511.777	511.332	511.331	511.855	510.626	510.909	511.975	511.424	512.088	512.107	512.065	511.055	510.734	511.377	512.680	510.295	512.789	510.678
