#
#  UserParam_rayraw_20240720
#

#------------------------------------------------------------------------------
# Hodoscope
#------------------------------------------------------------------------------

## RAYRAW

RangeRAYRAW 15 65
TdcRAYRAW 0 1000000
PedRAYRAW	512.749	509.764	510.481	512.163	512.452	513.973	512.763	512.950	511.398	512.579	511.767	512.888	514.029	511.438	512.045	511.551	511.442	512.173	510.843	511.509	512.195	511.773	512.302	512.468	512.475	511.377	510.979	511.597	512.868	510.621	513.463	510.977
