#
#  UserParam_rayraw_20240720
#

#------------------------------------------------------------------------------
# Hodoscope
#------------------------------------------------------------------------------

## RAYRAW

RangeRAYRAW 15 65
TdcRAYRAW 0 1000000
PedRAYRAW	512.356	509.013	510.083	512.006	512.142	512.166	512.156	512.712	511.149	512.303	511.518	512.659	513.805	511.189	511.692	511.155	511.248	511.768	510.485	510.770	511.906	511.285	511.986	512.047	511.652	510.939	510.621	511.270	512.568	510.199	512.507	510.531
