#
#  UserParam_rayraw_20240720
#

#------------------------------------------------------------------------------
# Hodoscope
#------------------------------------------------------------------------------

## RAYRAW

RangeRAYRAW 15 65
TdcRAYRAW 0 1000000
PedRAYRAW	512.773	509.385	510.517	512.178	512.505	514.318	512.885	512.973	511.429	512.613	511.811	512.913	514.101	511.475	512.070	511.619	511.486	512.214	510.897	511.525	512.241	511.756	512.293	512.460	512.547	511.396	511.001	511.612	512.879	510.648	513.364	510.952
