#
#  UserParam_rayraw_20240720
#

#------------------------------------------------------------------------------
# Hodoscope
#------------------------------------------------------------------------------

## RAYRAW

RangeRAYRAW 15 65
TdcRAYRAW 0 1000000
PedRAYRAW	512.558	509.283	510.307	512.072	512.240	513.311	512.350	512.821	511.281	512.455	511.674	512.761	513.915	511.352	511.864	511.382	511.354	511.943	510.680	511.046	512.055	511.595	512.119	512.252	512.232	511.124	510.753	511.476	512.693	510.413	512.955	510.769
