##
#  file: HodoPHCParam_rayraw_dummy
#  date: 2025.05.21
#  auth: R.Kurata
#  note: Example file for multi RAYRAW
#
#######################################################################
# CId	PlId	Seg	UorD	Type	nParam	p0	p1	...
#
#	Type=0 no correction will be performed
#	Type=1 ct=t-p[0]/sqrt(a-p[1])+p[2]
#	Type=2 ct=p[0]*a*a + p[1]*a + p[2] for Fiber
#
#########################################################
# RAYRAW                                                #
#########################################################
### Plane0 (IP:101)
31	0	0	0	1	3	0.0000000	0.0000000	0.0000000
31	0	1	0	1	3	0.0000000	0.0000000	0.0000000
31	0	2	0	1	3	0.0000000	0.0000000	0.0000000
31	0	3	0	1	3	0.0000000	0.0000000	0.0000000
31	0	4	0	1	3	0.0000000	0.0000000	0.0000000
31	0	5	0	1	3	0.0000000	0.0000000	0.0000000
31	0	6	0	1	3	0.0000000	0.0000000	0.0000000
31	0	7	0	1	3	0.0000000	0.0000000	0.0000000
31	0	8	0	1	3	0.0000000	0.0000000	0.0000000
31	0	9	0	1	3	0.0000000	0.0000000	0.0000000
31	0	10	0	1	3	0.0000000	0.0000000	0.0000000
31	0	11	0	1	3	0.0000000	0.0000000	0.0000000
31	0	12	0	1	3	0.0000000	0.0000000	0.0000000
31	0	13	0	1	3	0.0000000	0.0000000	0.0000000
31	0	14	0	1	3	0.0000000	0.0000000	0.0000000
31	0	15	0	1	3	0.0000000	0.0000000	0.0000000
31	0	16	0	1	3	0.0000000	0.0000000	0.0000000
31	0	17	0	1	3	0.0000000	0.0000000	0.0000000
31	0	18	0	1	3	0.0000000	0.0000000	0.0000000
31	0	19	0	1	3	0.0000000	0.0000000	0.0000000
31	0	20	0	1	3	0.0000000	0.0000000	0.0000000
31	0	21	0	1	3	0.0000000	0.0000000	0.0000000
31	0	22	0	1	3	0.0000000	0.0000000	0.0000000
31	0	23	0	1	3	0.0000000	0.0000000	0.0000000
31	0	24	0	1	3	0.0000000	0.0000000	0.0000000
31	0	25	0	1	3	0.0000000	0.0000000	0.0000000
31	0	26	0	1	3	0.0000000	0.0000000	0.0000000
31	0	27	0	1	3	0.0000000	0.0000000	0.0000000
31	0	28	0	1	3	0.0000000	0.0000000	0.0000000
31	0	29	0	1	3	0.0000000	0.0000000	0.0000000
31	0	30	0	1	3	0.0000000	0.0000000	0.0000000
31	0	31	0	1	3	0.0000000	0.0000000	0.0000000
### Plane1 (IP:102)
31	1	0	0	1	3	0.0000000	0.0000000	0.0000000
31	1	1	0	1	3	0.0000000	0.0000000	0.0000000
31	1	2	0	1	3	0.0000000	0.0000000	0.0000000
31	1	3	0	1	3	0.0000000	0.0000000	0.0000000
31	1	4	0	1	3	0.0000000	0.0000000	0.0000000
31	1	5	0	1	3	0.0000000	0.0000000	0.0000000
31	1	6	0	1	3	0.0000000	0.0000000	0.0000000
31	1	7	0	1	3	0.0000000	0.0000000	0.0000000
31	1	8	0	1	3	0.0000000	0.0000000	0.0000000
31	1	9	0	1	3	0.0000000	0.0000000	0.0000000
31	1	10	0	1	3	0.0000000	0.0000000	0.0000000
31	1	11	0	1	3	0.0000000	0.0000000	0.0000000
31	1	12	0	1	3	0.0000000	0.0000000	0.0000000
31	1	13	0	1	3	0.0000000	0.0000000	0.0000000
31	1	14	0	1	3	0.0000000	0.0000000	0.0000000
31	1	15	0	1	3	0.0000000	0.0000000	0.0000000
31	1	16	0	1	3	0.0000000	0.0000000	0.0000000
31	1	17	0	1	3	0.0000000	0.0000000	0.0000000
31	1	18	0	1	3	0.0000000	0.0000000	0.0000000
31	1	19	0	1	3	0.0000000	0.0000000	0.0000000
31	1	20	0	1	3	0.0000000	0.0000000	0.0000000
31	1	21	0	1	3	0.0000000	0.0000000	0.0000000
31	1	22	0	1	3	0.0000000	0.0000000	0.0000000
31	1	23	0	1	3	0.0000000	0.0000000	0.0000000
31	1	24	0	1	3	0.0000000	0.0000000	0.0000000
31	1	25	0	1	3	0.0000000	0.0000000	0.0000000
31	1	26	0	1	3	0.0000000	0.0000000	0.0000000
31	1	27	0	1	3	0.0000000	0.0000000	0.0000000
31	1	28	0	1	3	0.0000000	0.0000000	0.0000000
31	1	29	0	1	3	0.0000000	0.0000000	0.0000000
31	1	30	0	1	3	0.0000000	0.0000000	0.0000000
31	1	31	0	1	3	0.0000000	0.0000000	0.0000000
### Plane2 (IP:103)
31	2	0	0	1	3	0.0000000	0.0000000	0.0000000
31	2	1	0	1	3	0.0000000	0.0000000	0.0000000
31	2	2	0	1	3	0.0000000	0.0000000	0.0000000
31	2	3	0	1	3	0.0000000	0.0000000	0.0000000
31	2	4	0	1	3	0.0000000	0.0000000	0.0000000
31	2	5	0	1	3	0.0000000	0.0000000	0.0000000
31	2	6	0	1	3	0.0000000	0.0000000	0.0000000
31	2	7	0	1	3	0.0000000	0.0000000	0.0000000
31	2	8	0	1	3	0.0000000	0.0000000	0.0000000
31	2	9	0	1	3	0.0000000	0.0000000	0.0000000
31	2	10	0	1	3	0.0000000	0.0000000	0.0000000
31	2	11	0	1	3	0.0000000	0.0000000	0.0000000
31	2	12	0	1	3	0.0000000	0.0000000	0.0000000
31	2	13	0	1	3	0.0000000	0.0000000	0.0000000
31	2	14	0	1	3	0.0000000	0.0000000	0.0000000
31	2	15	0	1	3	0.0000000	0.0000000	0.0000000
31	2	16	0	1	3	0.0000000	0.0000000	0.0000000
31	2	17	0	1	3	0.0000000	0.0000000	0.0000000
31	2	18	0	1	3	0.0000000	0.0000000	0.0000000
31	2	19	0	1	3	0.0000000	0.0000000	0.0000000
31	2	20	0	1	3	0.0000000	0.0000000	0.0000000
31	2	21	0	1	3	0.0000000	0.0000000	0.0000000
31	2	22	0	1	3	0.0000000	0.0000000	0.0000000
31	2	23	0	1	3	0.0000000	0.0000000	0.0000000
31	2	24	0	1	3	0.0000000	0.0000000	0.0000000
31	2	25	0	1	3	0.0000000	0.0000000	0.0000000
31	2	26	0	1	3	0.0000000	0.0000000	0.0000000
31	2	27	0	1	3	0.0000000	0.0000000	0.0000000
31	2	28	0	1	3	0.0000000	0.0000000	0.0000000
31	2	29	0	1	3	0.0000000	0.0000000	0.0000000
31	2	30	0	1	3	0.0000000	0.0000000	0.0000000
31	2	31	0	1	3	0.0000000	0.0000000	0.0000000
### Plane3 (IP:104)
31	3	0	0	1	3	0.0000000	0.0000000	0.0000000
31	3	1	0	1	3	0.0000000	0.0000000	0.0000000
31	3	2	0	1	3	0.0000000	0.0000000	0.0000000
31	3	3	0	1	3	0.0000000	0.0000000	0.0000000
31	3	4	0	1	3	0.0000000	0.0000000	0.0000000
31	3	5	0	1	3	0.0000000	0.0000000	0.0000000
31	3	6	0	1	3	0.0000000	0.0000000	0.0000000
31	3	7	0	1	3	0.0000000	0.0000000	0.0000000
31	3	8	0	1	3	0.0000000	0.0000000	0.0000000
31	3	9	0	1	3	0.0000000	0.0000000	0.0000000
31	3	10	0	1	3	0.0000000	0.0000000	0.0000000
31	3	11	0	1	3	0.0000000	0.0000000	0.0000000
31	3	12	0	1	3	0.0000000	0.0000000	0.0000000
31	3	13	0	1	3	0.0000000	0.0000000	0.0000000
31	3	14	0	1	3	0.0000000	0.0000000	0.0000000
31	3	15	0	1	3	0.0000000	0.0000000	0.0000000
31	3	16	0	1	3	0.0000000	0.0000000	0.0000000
31	3	17	0	1	3	0.0000000	0.0000000	0.0000000
31	3	18	0	1	3	0.0000000	0.0000000	0.0000000
31	3	19	0	1	3	0.0000000	0.0000000	0.0000000
31	3	20	0	1	3	0.0000000	0.0000000	0.0000000
31	3	21	0	1	3	0.0000000	0.0000000	0.0000000
31	3	22	0	1	3	0.0000000	0.0000000	0.0000000
31	3	23	0	1	3	0.0000000	0.0000000	0.0000000
31	3	24	0	1	3	0.0000000	0.0000000	0.0000000
31	3	25	0	1	3	0.0000000	0.0000000	0.0000000
31	3	26	0	1	3	0.0000000	0.0000000	0.0000000
31	3	27	0	1	3	0.0000000	0.0000000	0.0000000
31	3	28	0	1	3	0.0000000	0.0000000	0.0000000
31	3	29	0	1	3	0.0000000	0.0000000	0.0000000
31	3	30	0	1	3	0.0000000	0.0000000	0.0000000
31	3	31	0	1	3	0.0000000	0.0000000	0.0000000
### Plane4 (IP:105)
31	4	0	0	1	3	0.0000000	0.0000000	0.0000000
31	4	1	0	1	3	0.0000000	0.0000000	0.0000000
31	4	2	0	1	3	0.0000000	0.0000000	0.0000000
31	4	3	0	1	3	0.0000000	0.0000000	0.0000000
31	4	4	0	1	3	0.0000000	0.0000000	0.0000000
31	4	5	0	1	3	0.0000000	0.0000000	0.0000000
31	4	6	0	1	3	0.0000000	0.0000000	0.0000000
31	4	7	0	1	3	0.0000000	0.0000000	0.0000000
31	4	8	0	1	3	0.0000000	0.0000000	0.0000000
31	4	9	0	1	3	0.0000000	0.0000000	0.0000000
31	4	10	0	1	3	0.0000000	0.0000000	0.0000000
31	4	11	0	1	3	0.0000000	0.0000000	0.0000000
31	4	12	0	1	3	0.0000000	0.0000000	0.0000000
31	4	13	0	1	3	0.0000000	0.0000000	0.0000000
31	4	14	0	1	3	0.0000000	0.0000000	0.0000000
31	4	15	0	1	3	0.0000000	0.0000000	0.0000000
31	4	16	0	1	3	0.0000000	0.0000000	0.0000000
31	4	17	0	1	3	0.0000000	0.0000000	0.0000000
31	4	18	0	1	3	0.0000000	0.0000000	0.0000000
31	4	19	0	1	3	0.0000000	0.0000000	0.0000000
31	4	20	0	1	3	0.0000000	0.0000000	0.0000000
31	4	21	0	1	3	0.0000000	0.0000000	0.0000000
31	4	22	0	1	3	0.0000000	0.0000000	0.0000000
31	4	23	0	1	3	0.0000000	0.0000000	0.0000000
31	4	24	0	1	3	0.0000000	0.0000000	0.0000000
31	4	25	0	1	3	0.0000000	0.0000000	0.0000000
31	4	26	0	1	3	0.0000000	0.0000000	0.0000000
31	4	27	0	1	3	0.0000000	0.0000000	0.0000000
31	4	28	0	1	3	0.0000000	0.0000000	0.0000000
31	4	29	0	1	3	0.0000000	0.0000000	0.0000000
31	4	30	0	1	3	0.0000000	0.0000000	0.0000000
31	4	31	0	1	3	0.0000000	0.0000000	0.0000000
### Plane5 (IP:106)
31	5	0	0	1	3	0.0000000	0.0000000	0.0000000
31	5	1	0	1	3	0.0000000	0.0000000	0.0000000
31	5	2	0	1	3	0.0000000	0.0000000	0.0000000
31	5	3	0	1	3	0.0000000	0.0000000	0.0000000
31	5	4	0	1	3	0.0000000	0.0000000	0.0000000
31	5	5	0	1	3	0.0000000	0.0000000	0.0000000
31	5	6	0	1	3	0.0000000	0.0000000	0.0000000
31	5	7	0	1	3	0.0000000	0.0000000	0.0000000
31	5	8	0	1	3	0.0000000	0.0000000	0.0000000
31	5	9	0	1	3	0.0000000	0.0000000	0.0000000
31	5	10	0	1	3	0.0000000	0.0000000	0.0000000
31	5	11	0	1	3	0.0000000	0.0000000	0.0000000
31	5	12	0	1	3	0.0000000	0.0000000	0.0000000
31	5	13	0	1	3	0.0000000	0.0000000	0.0000000
31	5	14	0	1	3	0.0000000	0.0000000	0.0000000
31	5	15	0	1	3	0.0000000	0.0000000	0.0000000
31	5	16	0	1	3	0.0000000	0.0000000	0.0000000
31	5	17	0	1	3	0.0000000	0.0000000	0.0000000
31	5	18	0	1	3	0.0000000	0.0000000	0.0000000
31	5	19	0	1	3	0.0000000	0.0000000	0.0000000
31	5	20	0	1	3	0.0000000	0.0000000	0.0000000
31	5	21	0	1	3	0.0000000	0.0000000	0.0000000
31	5	22	0	1	3	0.0000000	0.0000000	0.0000000
31	5	23	0	1	3	0.0000000	0.0000000	0.0000000
31	5	24	0	1	3	0.0000000	0.0000000	0.0000000
31	5	25	0	1	3	0.0000000	0.0000000	0.0000000
31	5	26	0	1	3	0.0000000	0.0000000	0.0000000
31	5	27	0	1	3	0.0000000	0.0000000	0.0000000
31	5	28	0	1	3	0.0000000	0.0000000	0.0000000
31	5	29	0	1	3	0.0000000	0.0000000	0.0000000
31	5	30	0	1	3	0.0000000	0.0000000	0.0000000
31	5	31	0	1	3	0.0000000	0.0000000	0.0000000
### Plane6 (IP:107)
31	6	0	0	1	3	0.0000000	0.0000000	0.0000000
31	6	1	0	1	3	0.0000000	0.0000000	0.0000000
31	6	2	0	1	3	0.0000000	0.0000000	0.0000000
31	6	3	0	1	3	0.0000000	0.0000000	0.0000000
31	6	4	0	1	3	0.0000000	0.0000000	0.0000000
31	6	5	0	1	3	0.0000000	0.0000000	0.0000000
31	6	6	0	1	3	0.0000000	0.0000000	0.0000000
31	6	7	0	1	3	0.0000000	0.0000000	0.0000000
31	6	8	0	1	3	0.0000000	0.0000000	0.0000000
31	6	9	0	1	3	0.0000000	0.0000000	0.0000000
31	6	10	0	1	3	0.0000000	0.0000000	0.0000000
31	6	11	0	1	3	0.0000000	0.0000000	0.0000000
31	6	12	0	1	3	0.0000000	0.0000000	0.0000000
31	6	13	0	1	3	0.0000000	0.0000000	0.0000000
31	6	14	0	1	3	0.0000000	0.0000000	0.0000000
31	6	15	0	1	3	0.0000000	0.0000000	0.0000000
31	6	16	0	1	3	0.0000000	0.0000000	0.0000000
31	6	17	0	1	3	0.0000000	0.0000000	0.0000000
31	6	18	0	1	3	0.0000000	0.0000000	0.0000000
31	6	19	0	1	3	0.0000000	0.0000000	0.0000000
31	6	20	0	1	3	0.0000000	0.0000000	0.0000000
31	6	21	0	1	3	0.0000000	0.0000000	0.0000000
31	6	22	0	1	3	0.0000000	0.0000000	0.0000000
31	6	23	0	1	3	0.0000000	0.0000000	0.0000000
31	6	24	0	1	3	0.0000000	0.0000000	0.0000000
31	6	25	0	1	3	0.0000000	0.0000000	0.0000000
31	6	26	0	1	3	0.0000000	0.0000000	0.0000000
31	6	27	0	1	3	0.0000000	0.0000000	0.0000000
31	6	28	0	1	3	0.0000000	0.0000000	0.0000000
31	6	29	0	1	3	0.0000000	0.0000000	0.0000000
31	6	30	0	1	3	0.0000000	0.0000000	0.0000000
31	6	31	0	1	3	0.0000000	0.0000000	0.0000000
### Plane7 (IP:108)
31	7	0	0	1	3	0.0000000	0.0000000	0.0000000
31	7	1	0	1	3	0.0000000	0.0000000	0.0000000
31	7	2	0	1	3	0.0000000	0.0000000	0.0000000
31	7	3	0	1	3	0.0000000	0.0000000	0.0000000
31	7	4	0	1	3	0.0000000	0.0000000	0.0000000
31	7	5	0	1	3	0.0000000	0.0000000	0.0000000
31	7	6	0	1	3	0.0000000	0.0000000	0.0000000
31	7	7	0	1	3	0.0000000	0.0000000	0.0000000
31	7	8	0	1	3	0.0000000	0.0000000	0.0000000
31	7	9	0	1	3	0.0000000	0.0000000	0.0000000
31	7	10	0	1	3	0.0000000	0.0000000	0.0000000
31	7	11	0	1	3	0.0000000	0.0000000	0.0000000
31	7	12	0	1	3	0.0000000	0.0000000	0.0000000
31	7	13	0	1	3	0.0000000	0.0000000	0.0000000
31	7	14	0	1	3	0.0000000	0.0000000	0.0000000
31	7	15	0	1	3	0.0000000	0.0000000	0.0000000
31	7	16	0	1	3	0.0000000	0.0000000	0.0000000
31	7	17	0	1	3	0.0000000	0.0000000	0.0000000
31	7	18	0	1	3	0.0000000	0.0000000	0.0000000
31	7	19	0	1	3	0.0000000	0.0000000	0.0000000
31	7	20	0	1	3	0.0000000	0.0000000	0.0000000
31	7	21	0	1	3	0.0000000	0.0000000	0.0000000
31	7	22	0	1	3	0.0000000	0.0000000	0.0000000
31	7	23	0	1	3	0.0000000	0.0000000	0.0000000
31	7	24	0	1	3	0.0000000	0.0000000	0.0000000
31	7	25	0	1	3	0.0000000	0.0000000	0.0000000
31	7	26	0	1	3	0.0000000	0.0000000	0.0000000
31	7	27	0	1	3	0.0000000	0.0000000	0.0000000
31	7	28	0	1	3	0.0000000	0.0000000	0.0000000
31	7	29	0	1	3	0.0000000	0.0000000	0.0000000
31	7	30	0	1	3	0.0000000	0.0000000	0.0000000
31	7	31	0	1	3	0.0000000	0.0000000	0.0000000
### Plane8 (IP:109)
31	8	0	0	1	3	0.0000000	0.0000000	0.0000000
31	8	1	0	1	3	0.0000000	0.0000000	0.0000000
31	8	2	0	1	3	0.0000000	0.0000000	0.0000000
31	8	3	0	1	3	0.0000000	0.0000000	0.0000000
31	8	4	0	1	3	0.0000000	0.0000000	0.0000000
31	8	5	0	1	3	0.0000000	0.0000000	0.0000000
31	8	6	0	1	3	0.0000000	0.0000000	0.0000000
31	8	7	0	1	3	0.0000000	0.0000000	0.0000000
31	8	8	0	1	3	0.0000000	0.0000000	0.0000000
31	8	9	0	1	3	0.0000000	0.0000000	0.0000000
31	8	10	0	1	3	0.0000000	0.0000000	0.0000000
31	8	11	0	1	3	0.0000000	0.0000000	0.0000000
31	8	12	0	1	3	0.0000000	0.0000000	0.0000000
31	8	13	0	1	3	0.0000000	0.0000000	0.0000000
31	8	14	0	1	3	0.0000000	0.0000000	0.0000000
31	8	15	0	1	3	0.0000000	0.0000000	0.0000000
31	8	16	0	1	3	0.0000000	0.0000000	0.0000000
31	8	17	0	1	3	0.0000000	0.0000000	0.0000000
31	8	18	0	1	3	0.0000000	0.0000000	0.0000000
31	8	19	0	1	3	0.0000000	0.0000000	0.0000000
31	8	20	0	1	3	0.0000000	0.0000000	0.0000000
31	8	21	0	1	3	0.0000000	0.0000000	0.0000000
31	8	22	0	1	3	0.0000000	0.0000000	0.0000000
31	8	23	0	1	3	0.0000000	0.0000000	0.0000000
31	8	24	0	1	3	0.0000000	0.0000000	0.0000000
31	8	25	0	1	3	0.0000000	0.0000000	0.0000000
31	8	26	0	1	3	0.0000000	0.0000000	0.0000000
31	8	27	0	1	3	0.0000000	0.0000000	0.0000000
31	8	28	0	1	3	0.0000000	0.0000000	0.0000000
31	8	29	0	1	3	0.0000000	0.0000000	0.0000000
31	8	30	0	1	3	0.0000000	0.0000000	0.0000000
31	8	31	0	1	3	0.0000000	0.0000000	0.0000000
### Plane9 (IP:110)
31	9	0	0	1	3	0.0000000	0.0000000	0.0000000
31	9	1	0	1	3	0.0000000	0.0000000	0.0000000
31	9	2	0	1	3	0.0000000	0.0000000	0.0000000
31	9	3	0	1	3	0.0000000	0.0000000	0.0000000
31	9	4	0	1	3	0.0000000	0.0000000	0.0000000
31	9	5	0	1	3	0.0000000	0.0000000	0.0000000
31	9	6	0	1	3	0.0000000	0.0000000	0.0000000
31	9	7	0	1	3	0.0000000	0.0000000	0.0000000
31	9	8	0	1	3	0.0000000	0.0000000	0.0000000
31	9	9	0	1	3	0.0000000	0.0000000	0.0000000
31	9	10	0	1	3	0.0000000	0.0000000	0.0000000
31	9	11	0	1	3	0.0000000	0.0000000	0.0000000
31	9	12	0	1	3	0.0000000	0.0000000	0.0000000
31	9	13	0	1	3	0.0000000	0.0000000	0.0000000
31	9	14	0	1	3	0.0000000	0.0000000	0.0000000
31	9	15	0	1	3	0.0000000	0.0000000	0.0000000
31	9	16	0	1	3	0.0000000	0.0000000	0.0000000
31	9	17	0	1	3	0.0000000	0.0000000	0.0000000
31	9	18	0	1	3	0.0000000	0.0000000	0.0000000
31	9	19	0	1	3	0.0000000	0.0000000	0.0000000
31	9	20	0	1	3	0.0000000	0.0000000	0.0000000
31	9	21	0	1	3	0.0000000	0.0000000	0.0000000
31	9	22	0	1	3	0.0000000	0.0000000	0.0000000
31	9	23	0	1	3	0.0000000	0.0000000	0.0000000
31	9	24	0	1	3	0.0000000	0.0000000	0.0000000
31	9	25	0	1	3	0.0000000	0.0000000	0.0000000
31	9	26	0	1	3	0.0000000	0.0000000	0.0000000
31	9	27	0	1	3	0.0000000	0.0000000	0.0000000
31	9	28	0	1	3	0.0000000	0.0000000	0.0000000
31	9	29	0	1	3	0.0000000	0.0000000	0.0000000
31	9	30	0	1	3	0.0000000	0.0000000	0.0000000
31	9	31	0	1	3	0.0000000	0.0000000	0.0000000
### Plane10 (IP:111)
31	10	0	0	1	3	0.0000000	0.0000000	0.0000000
31	10	1	0	1	3	0.0000000	0.0000000	0.0000000
31	10	2	0	1	3	0.0000000	0.0000000	0.0000000
31	10	3	0	1	3	0.0000000	0.0000000	0.0000000
31	10	4	0	1	3	0.0000000	0.0000000	0.0000000
31	10	5	0	1	3	0.0000000	0.0000000	0.0000000
31	10	6	0	1	3	0.0000000	0.0000000	0.0000000
31	10	7	0	1	3	0.0000000	0.0000000	0.0000000
31	10	8	0	1	3	0.0000000	0.0000000	0.0000000
31	10	9	0	1	3	0.0000000	0.0000000	0.0000000
31	10	10	0	1	3	0.0000000	0.0000000	0.0000000
31	10	11	0	1	3	0.0000000	0.0000000	0.0000000
31	10	12	0	1	3	0.0000000	0.0000000	0.0000000
31	10	13	0	1	3	0.0000000	0.0000000	0.0000000
31	10	14	0	1	3	0.0000000	0.0000000	0.0000000
31	10	15	0	1	3	0.0000000	0.0000000	0.0000000
31	10	16	0	1	3	0.0000000	0.0000000	0.0000000
31	10	17	0	1	3	0.0000000	0.0000000	0.0000000
31	10	18	0	1	3	0.0000000	0.0000000	0.0000000
31	10	19	0	1	3	0.0000000	0.0000000	0.0000000
31	10	20	0	1	3	0.0000000	0.0000000	0.0000000
31	10	21	0	1	3	0.0000000	0.0000000	0.0000000
31	10	22	0	1	3	0.0000000	0.0000000	0.0000000
31	10	23	0	1	3	0.0000000	0.0000000	0.0000000
31	10	24	0	1	3	0.0000000	0.0000000	0.0000000
31	10	25	0	1	3	0.0000000	0.0000000	0.0000000
31	10	26	0	1	3	0.0000000	0.0000000	0.0000000
31	10	27	0	1	3	0.0000000	0.0000000	0.0000000
31	10	28	0	1	3	0.0000000	0.0000000	0.0000000
31	10	29	0	1	3	0.0000000	0.0000000	0.0000000
31	10	30	0	1	3	0.0000000	0.0000000	0.0000000
31	10	31	0	1	3	0.0000000	0.0000000	0.0000000
### Plane11 (IP:112)
31      11      0       0       1       3       0.0000000       0.0000000       0.0000000
31      11      1       0       1       3       0.0000000       0.0000000       0.0000000
31      11      2       0       1       3       0.0000000       0.0000000       0.0000000
31      11      3       0       1       3       0.0000000       0.0000000       0.0000000
31      11      4       0       1       3       0.0000000       0.0000000       0.0000000
31      11      5       0       1       3       0.0000000       0.0000000       0.0000000
31      11      6       0       1       3       0.0000000       0.0000000       0.0000000
31      11      7       0       1       3       0.0000000       0.0000000       0.0000000
31      11      8       0       1       3       0.0000000       0.0000000       0.0000000
31      11      9       0       1       3       0.0000000       0.0000000       0.0000000
31      11      10      0       1       3       0.0000000       0.0000000       0.0000000
31      11      11      0       1       3       0.0000000       0.0000000       0.0000000
31      11      12      0       1       3       0.0000000       0.0000000       0.0000000
31      11      13      0       1       3       0.0000000       0.0000000       0.0000000
31      11      14      0       1       3       0.0000000       0.0000000       0.0000000
31      11      15      0       1       3       0.0000000       0.0000000       0.0000000
31      11      16      0       1       3       0.0000000       0.0000000       0.0000000
31      11      17      0       1       3       0.0000000       0.0000000       0.0000000
31      11      18      0       1       3       0.0000000       0.0000000       0.0000000
31      11      19      0       1       3       0.0000000       0.0000000       0.0000000
31      11      20      0       1       3       0.0000000       0.0000000       0.0000000
31      11      21      0       1       3       0.0000000       0.0000000       0.0000000
31      11      22      0       1       3       0.0000000       0.0000000       0.0000000
31      11      23      0       1       3       0.0000000       0.0000000       0.0000000
31      11      24      0       1       3       0.0000000       0.0000000       0.0000000
31      11      25      0       1       3       0.0000000       0.0000000       0.0000000
31      11      26      0       1       3       0.0000000       0.0000000       0.0000000
31      11      27      0       1       3       0.0000000       0.0000000       0.0000000
31      11      28      0       1       3       0.0000000       0.0000000       0.0000000
31      11      29      0       1       3       0.0000000       0.0000000       0.0000000
31      11      30      0       1       3       0.0000000       0.0000000       0.0000000
31      11      31      0       1       3       0.0000000       0.0000000       0.0000000