##
#  file: HodoPHCParam_rayraw_dummy
#  date: 2025.05.21
#  auth: R.Kurata
#  note: Example file for multi RAYRAW
#
#######################################################################
# CId	PlId	Seg	UorD	Type	nParam	p0	p1	...
#
#	Type=0 no correction will be performed
#	Type=1 ct=t-p[0]/sqrt(a-p[1])+p[2]
#	Type=2 ct=p[0]*a*a + p[1]*a + p[2] for Fiber
#
#########################################################
# RAYRAW                                                #
#########################################################
### Plane0 (IP:101)
31	0	0	0	1	3	0.0000000	0.0000000	0.0000000
31	0	1	0	1	3	0.0000000	0.0000000	0.0000000
31	0	2	0	1	3	0.0000000	0.0000000	0.0000000
31	0	3	0	1	3	0.0000000	0.0000000	0.0000000
31	0	4	0	1	3	0.0000000	0.0000000	0.0000000
31	0	5	0	1	3	0.0000000	0.0000000	0.0000000
31	0	6	0	1	3	0.0000000	0.0000000	0.0000000
31	0	7	0	1	3	0.0000000	0.0000000	0.0000000
31	0	8	0	1	3	0.0000000	0.0000000	0.0000000
31	0	9	0	1	3	0.0000000	0.0000000	0.0000000
31	0	10	0	1	3	0.0000000	0.0000000	0.0000000
31	0	11	0	1	3	0.0000000	0.0000000	0.0000000
31	0	12	0	1	3	0.0000000	0.0000000	0.0000000
31	0	13	0	1	3	0.0000000	0.0000000	0.0000000
31	0	14	0	1	3	0.0000000	0.0000000	0.0000000
31	0	15	0	1	3	0.0000000	0.0000000	0.0000000
31	0	16	0	1	3	0.0000000	0.0000000	0.0000000
31	0	17	0	1	3	0.0000000	0.0000000	0.0000000
31	0	18	0	1	3	0.0000000	0.0000000	0.0000000
31	0	19	0	1	3	0.0000000	0.0000000	0.0000000
31	0	20	0	1	3	0.0000000	0.0000000	0.0000000
31	0	21	0	1	3	0.0000000	0.0000000	0.0000000
31	0	22	0	1	3	0.0000000	0.0000000	0.0000000
31	0	23	0	1	3	0.0000000	0.0000000	0.0000000
31	0	24	0	1	3	0.0000000	0.0000000	0.0000000
31	0	25	0	1	3	0.0000000	0.0000000	0.0000000
31	0	26	0	1	3	0.0000000	0.0000000	0.0000000
31	0	27	0	1	3	0.0000000	0.0000000	0.0000000
31	0	28	0	1	3	0.0000000	0.0000000	0.0000000
31	0	29	0	1	3	0.0000000	0.0000000	0.0000000
31	0	30	0	1	3	0.0000000	0.0000000	0.0000000
31	0	31	0	1	3	0.0000000	0.0000000	0.0000000
### Plane1 (IP:102)
31	1	0	0	1	3	0.0000000	0.0000000	0.0000000
31	1	1	0	1	3	0.0000000	0.0000000	0.0000000
31	1	2	0	1	3	0.0000000	0.0000000	0.0000000
31	1	3	0	1	3	0.0000000	0.0000000	0.0000000
31	1	4	0	1	3	0.0000000	0.0000000	0.0000000
31	1	5	0	1	3	0.0000000	0.0000000	0.0000000
31	1	6	0	1	3	0.0000000	0.0000000	0.0000000
31	1	7	0	1	3	0.0000000	0.0000000	0.0000000
31	1	8	0	1	3	0.0000000	0.0000000	0.0000000
31	1	9	0	1	3	0.0000000	0.0000000	0.0000000
31	1	10	0	1	3	0.0000000	0.0000000	0.0000000
31	1	11	0	1	3	0.0000000	0.0000000	0.0000000
31	1	12	0	1	3	0.0000000	0.0000000	0.0000000
31	1	13	0	1	3	0.0000000	0.0000000	0.0000000
31	1	14	0	1	3	0.0000000	0.0000000	0.0000000
31	1	15	0	1	3	0.0000000	0.0000000	0.0000000
31	1	16	0	1	3	0.0000000	0.0000000	0.0000000
31	1	17	0	1	3	0.0000000	0.0000000	0.0000000
31	1	18	0	1	3	0.0000000	0.0000000	0.0000000
31	1	19	0	1	3	0.0000000	0.0000000	0.0000000
31	1	20	0	1	3	0.0000000	0.0000000	0.0000000
31	1	21	0	1	3	0.0000000	0.0000000	0.0000000
31	1	22	0	1	3	0.0000000	0.0000000	0.0000000
31	1	23	0	1	3	0.0000000	0.0000000	0.0000000
31	1	24	0	1	3	0.0000000	0.0000000	0.0000000
31	1	25	0	1	3	0.0000000	0.0000000	0.0000000
31	1	26	0	1	3	0.0000000	0.0000000	0.0000000
31	1	27	0	1	3	0.0000000	0.0000000	0.0000000
31	1	28	0	1	3	0.0000000	0.0000000	0.0000000
31	1	29	0	1	3	0.0000000	0.0000000	0.0000000
31	1	30	0	1	3	0.0000000	0.0000000	0.0000000
31	1	31	0	1	3	0.0000000	0.0000000	0.0000000
