#
#  UserParam_rayraw_20250108
#

#------------------------------------------------------------------------------
# Hodoscope
#------------------------------------------------------------------------------

## RAYRAW

RangeRAYRAW 40 60
TdcRAYRAW 2750 2850
PedRAYRAW 512.567 510.1 510.529 512.311 512.342 513.363 512.475 513.014 511.651 512.596 512.135 512.857 514.13 512.765 512.282 512.619 512.209 512.338 511.026 511.401 512.314 511.645 512.212 512.554 511.855 511.593 510.714 511.809 512.934 511.056 512.647 511.382
