#
#  UserParam_rayraw_20240720
#

#------------------------------------------------------------------------------
# Hodoscope
#------------------------------------------------------------------------------

## RAYRAW

RangeRAYRAW 15 65
TdcRAYRAW 0 1000000
PedRAYRAW	512.835	509.651	510.616	512.317	512.576	516.487	513.031	512.930	511.458	512.673	511.891	512.905	514.093	511.542	512.131	511.781	512.322	512.287	510.898	511.579	512.279	511.778	512.390	512.584	512.580	511.491	511.040	511.812	512.920	510.597	513.419	511.076
