#
#  UserParam_rayraw_20240720
#

#------------------------------------------------------------------------------
# Hodoscope
#------------------------------------------------------------------------------

## RAYRAW

RangeRAYRAW 15 65
TdcRAYRAW 0 1000000
PedRAYRAW	512.642	509.353	510.375	512.079	512.281	513.097	512.464	512.890	511.316	512.504	511.702	512.825	513.927	511.398	511.938	511.447	511.443	512.016	510.715	511.156	512.122	511.656	512.184	512.292	512.332	511.263	510.826	511.506	512.752	510.456	512.974	510.806
