#
#  UserParam_rayraw_20240720
#

#------------------------------------------------------------------------------
# Hodoscope
#------------------------------------------------------------------------------

## RAYRAW

RangeRAYRAW 15 65
TdcRAYRAW 0 1000000
PedRAYRAW	512.776	509.397	510.533	512.249	512.517	515.427	512.975	512.970	511.436	512.614	511.850	512.913	514.056	511.502	512.083	511.651	511.512	512.201	510.942	511.533	512.259	511.799	512.364	512.498	512.626	511.451	511.037	511.685	512.873	510.620	513.388	510.939
