#
#  UserParam_rayraw_20240720
#

#------------------------------------------------------------------------------
# Hodoscope
#------------------------------------------------------------------------------

## RAYRAW

RangeRAYRAW 15 65
TdcRAYRAW 0 1000000
PedRAYRAW	512.833	509.580	510.564	512.388	512.577	516.912	513.006	512.890	511.461	512.673	511.888	512.926	514.125	511.567	512.127	511.763	512.270	512.293	510.938	511.525	512.279	511.787	512.390	512.547	512.640	511.435	511.075	511.809	512.907	510.672	513.431	511.041
