#
#  UserParam_rayraw_20240720
#

#------------------------------------------------------------------------------
# Hodoscope
#------------------------------------------------------------------------------

## RAYRAW

RangeRAYRAW 15 65
TdcRAYRAW 0 1000000
PedRAYRAW	512.667	509.622	510.455	512.177	512.328	513.166	512.554	512.878	511.342	512.547	511.741	512.829	513.931	511.429	511.978	511.530	511.436	512.074	510.765	511.375	512.154	511.614	512.213	512.349	512.415	511.335	510.885	511.568	512.787	510.549	513.068	510.848
