#
#  UserParam_rayraw_20240720
#

#------------------------------------------------------------------------------
# Hodoscope
#------------------------------------------------------------------------------

## RAYRAW

RangeRAYRAW 15 65
TdcRAYRAW 0 1000000
PedRAYRAW	512.834	509.336	510.624	512.345	512.529	515.901	513.070	512.943	511.466	512.668	511.895	512.937	514.103	511.569	512.144	511.769	512.287	512.271	510.948	511.520	512.290	511.799	512.387	512.558	512.608	511.460	511.047	511.818	512.928	510.645	513.454	511.040
