#
#  UserParam_rayraw_20240720
#

#------------------------------------------------------------------------------
# Hodoscope
#------------------------------------------------------------------------------

## RAYRAW

RangeRAYRAW 15 65
TdcRAYRAW 0 1000000
PedRAYRAW	512.255	508.871	509.984	511.889	512.023	512.060	511.966	512.654	511.076	512.176	511.370	512.593	513.762	511.156	511.533	511.052	511.160	511.599	510.298	510.624	511.815	510.987	511.878	511.895	511.591	510.795	510.539	511.189	512.433	510.097	511.974	510.364
