#
#  UserParam_rayraw_20240720
#

#------------------------------------------------------------------------------
# Hodoscope
#------------------------------------------------------------------------------

## RAYRAW

RangeRAYRAW 15 65
TdcRAYRAW 0 1000000
PedRAYRAW	512.802	509.744	510.626	512.351	512.582	516.999	513.083	512.947	511.445	512.667	511.874	512.920	514.103	511.569	512.130	511.648	512.274	512.281	510.939	511.598	512.263	511.766	512.403	512.540	512.632	511.444	511.040	511.795	512.922	510.654	513.427	511.040
