#
#  UserParam_rayraw_20240720
#

#------------------------------------------------------------------------------
# Hodoscope
#------------------------------------------------------------------------------

## RAYRAW

RangeRAYRAW 10 40
TdcRAYRAW 0 1000000
PedRAYRAW 513.099  507.483  510.653  512.216  512.515  513.254  513.356  513.108  511.527  512.621  512.255  512.925  514.265  513.269  512.384  511.921  512.37  512.404  511.119  511.998  512.311  511.477  512.266  512.423  511.699  511.844  510.998  511.566  512.959  510.896  512.772  511.082
