#
#  UserParam_rayraw_20240720
#

#------------------------------------------------------------------------------
# Hodoscope
#------------------------------------------------------------------------------

## RAYRAW

RangeRAYRAW 15 65
TdcRAYRAW 0 1000000
PedRAYRAW	512.866	509.369	510.561	512.285	512.562	517.285	513.239	512.952	511.464	512.660	511.909	512.873	514.102	511.533	512.129	511.788	512.267	512.290	510.929	511.566	512.277	511.791	512.393	512.573	512.566	511.426	511.018	511.782	512.950	510.611	513.597	511.039
