#########################################################
# CId 	 PlId 	 SegId 	 AorT 	 UorD 	 p0 	 p1
#
#########################################################
#########################################################
# RAYRAW ADC (as HighGain)                              #
#########################################################
# Plane1(IP:101)
31 	 0 	0	 0 	 0 	512.893	 520
31 	 0 	1	 0 	 0 	509.829	 520
31 	 0 	2	 0 	 0 	510.519	 520
31 	 0 	3	 0 	 0 	512.368	 520
31 	 0 	4	 0 	 0 	512.478	 520
31 	 0 	5	 0 	 0 	514.073	 520
31 	 0 	6	 0 	 0 	512.546	 520
31 	 0 	7	 0 	 0 	512.808	 520
31 	 0 	8	 0 	 0 	511.613	 520
31 	 0 	9	 0 	 0 	512.703	 520
31 	 0 	10	 0 	 0 	512.053	 520
31 	 0 	11	 0 	 0 	512.953	 520
31 	 0 	12	 0 	 0 	514.081	 520
31 	 0 	13	 0 	 0 	512.581	 520
31 	 0 	14	 0 	 0 	512.202	 520
31 	 0 	15	 0 	 0 	512.184	 520
31 	 0 	16	 0 	 0 	511.761	 520
31 	 0 	17	 0 	 0 	512.182	 520
31 	 0 	18	 0 	 0 	511.007	 520
31 	 0 	19	 0 	 0 	510.642	 520
31 	 0 	20	 0 	 0 	512.145	 520
31 	 0 	21	 0 	 0 	511.495	 520
31 	 0 	22	 0 	 0 	512.225	 520
31 	 0 	23	 0 	 0 	512.499	 520
31 	 0 	24	 0 	 0 	511.884	 520
31 	 0 	25	 0 	 0 	511.415	 520
31 	 0 	26	 0 	 0 	510.639	 520
31 	 0 	27	 0 	 0 	511.766	 520
31 	 0 	28	 0 	 0 	513.002	 520
31 	 0 	29	 0 	 0 	510.437	 520
31 	 0 	30	 0 	 0 	496.866	 520
31 	 0 	31	 0 	 0 	510.829	 520
#########################################################
# RAYRAW TDC                                            #
#########################################################
# Plane1(IP:101)
31 	 0 	0	 1 	 0 	 770.000 	 -1
31 	 0 	1	 1 	 0 	 770.000 	 -1
31 	 0 	2	 1 	 0 	 770.000 	 -1
31 	 0 	3	 1 	 0 	 770.000 	 -1
31 	 0 	4	 1 	 0 	 770.000 	 -1
31 	 0 	5	 1 	 0 	 770.000 	 -1
31 	 0 	6	 1 	 0 	 770.000 	 -1
31 	 0 	7	 1 	 0 	 770.000 	 -1
31 	 0 	8	 1 	 0 	 770.000 	 -1
31 	 0 	9	 1 	 0 	 770.000 	 -1
31 	 0 	10	 1 	 0 	 770.000 	 -1
31 	 0 	11	 1 	 0 	 770.000 	 -1
31 	 0 	12	 1 	 0 	 770.000 	 -1
31 	 0 	13	 1 	 0 	 770.000 	 -1
31 	 0 	14	 1 	 0 	 770.000 	 -1
31 	 0 	15	 1 	 0 	 770.000 	 -1
31 	 0 	16	 1 	 0 	 770.000 	 -1
31 	 0 	17	 1 	 0 	 770.000 	 -1
31 	 0 	18	 1 	 0 	 770.000 	 -1
31 	 0 	19	 1 	 0 	 770.000 	 -1
31 	 0 	20	 1 	 0 	 770.000 	 -1
31 	 0 	21	 1 	 0 	 770.000 	 -1
31 	 0 	22	 1 	 0 	 770.000 	 -1
31 	 0 	23	 1 	 0 	 770.000 	 -1
31 	 0 	24	 1 	 0 	 770.000 	 -1
31 	 0 	25	 1 	 0 	 770.000 	 -1
31 	 0 	26	 1 	 0 	 770.000 	 -1
31 	 0 	27	 1 	 0 	 770.000 	 -1
31 	 0 	28	 1 	 0 	 770.000 	 -1
31 	 0 	29	 1 	 0 	 770.000 	 -1
31 	 0 	30	 1 	 0 	 770.000 	 -1
31 	 0 	31	 1 	 0 	 770.000 	 -1
