#########################################################
# CId 	 PlId 	 SegId 	 AorT 	 UorD 	 p0 	 p1
#
#########################################################
#########################################################
# RAYRAW ADC (as HighGain)                              #
#########################################################
# Plane1(IP:101)
31 	 0 	0	 0 	 0 	512.924	 520
31 	 0 	1	 0 	 0 	509.862	 520
31 	 0 	2	 0 	 0 	510.52	 520
31 	 0 	3	 0 	 0 	512.357	 520
31 	 0 	4	 0 	 0 	512.495	 520
31 	 0 	5	 0 	 0 	514.08	 520
31 	 0 	6	 0 	 0 	512.607	 520
31 	 0 	7	 0 	 0 	512.818	 520
31 	 0 	8	 0 	 0 	511.595	 520
31 	 0 	9	 0 	 0 	512.687	 520
31 	 0 	10	 0 	 0 	512.101	 520
31 	 0 	11	 0 	 0 	512.964	 520
31 	 0 	12	 0 	 0 	514.053	 520
31 	 0 	13	 0 	 0 	512.642	 520
31 	 0 	14	 0 	 0 	512.19	 520
31 	 0 	15	 0 	 0 	512.264	 520
31 	 0 	16	 0 	 0 	511.772	 520
31 	 0 	17	 0 	 0 	512.16	 520
31 	 0 	18	 0 	 0 	510.968	 520
31 	 0 	19	 0 	 0 	512.623	 520
31 	 0 	20	 0 	 0 	512.169	 520
31 	 0 	21	 0 	 0 	511.528	 520
31 	 0 	22	 0 	 0 	512.217	 520
31 	 0 	23	 0 	 0 	512.485	 520
31 	 0 	24	 0 	 0 	511.874	 520
31 	 0 	25	 0 	 0 	511.455	 520
31 	 0 	26	 0 	 0 	510.66	 520
31 	 0 	27	 0 	 0 	511.831	 520
31 	 0 	28	 0 	 0 	512.96	 520
31 	 0 	29	 0 	 0 	510.382	 520
31 	 0 	30	 0 	 0 	496.808	 520
31 	 0 	31	 0 	 0 	510.875	 520
#########################################################
# RAYRAW TDC                                            #
#########################################################
# Plane1(IP:101)
31 	 0 	0	 1 	 0 	 770.000 	 -1
31 	 0 	1	 1 	 0 	 770.000 	 -1
31 	 0 	2	 1 	 0 	 770.000 	 -1
31 	 0 	3	 1 	 0 	 770.000 	 -1
31 	 0 	4	 1 	 0 	 770.000 	 -1
31 	 0 	5	 1 	 0 	 770.000 	 -1
31 	 0 	6	 1 	 0 	 770.000 	 -1
31 	 0 	7	 1 	 0 	 770.000 	 -1
31 	 0 	8	 1 	 0 	 770.000 	 -1
31 	 0 	9	 1 	 0 	 770.000 	 -1
31 	 0 	10	 1 	 0 	 770.000 	 -1
31 	 0 	11	 1 	 0 	 770.000 	 -1
31 	 0 	12	 1 	 0 	 770.000 	 -1
31 	 0 	13	 1 	 0 	 770.000 	 -1
31 	 0 	14	 1 	 0 	 770.000 	 -1
31 	 0 	15	 1 	 0 	 770.000 	 -1
31 	 0 	16	 1 	 0 	 770.000 	 -1
31 	 0 	17	 1 	 0 	 770.000 	 -1
31 	 0 	18	 1 	 0 	 770.000 	 -1
31 	 0 	19	 1 	 0 	 770.000 	 -1
31 	 0 	20	 1 	 0 	 770.000 	 -1
31 	 0 	21	 1 	 0 	 770.000 	 -1
31 	 0 	22	 1 	 0 	 770.000 	 -1
31 	 0 	23	 1 	 0 	 770.000 	 -1
31 	 0 	24	 1 	 0 	 770.000 	 -1
31 	 0 	25	 1 	 0 	 770.000 	 -1
31 	 0 	26	 1 	 0 	 770.000 	 -1
31 	 0 	27	 1 	 0 	 770.000 	 -1
31 	 0 	28	 1 	 0 	 770.000 	 -1
31 	 0 	29	 1 	 0 	 770.000 	 -1
31 	 0 	30	 1 	 0 	 770.000 	 -1
31 	 0 	31	 1 	 0 	 770.000 	 -1
