##
#  file: HodoParam_rayraw_20250531
#  date: 2025.05.31
#  auth: R.Kurata
#  note: Example file for multi RAYRAW
#
#######################################################################
# CId   PlId    SegId   AorT    UorD    p0      p1
#
#########################################################
# RAYRAW ADC (as HighGain)                              #
#########################################################
### Plane0 (IP:101)
31	0	0	0	0	500	520
31	0	1	0	0	500	520
31	0	2	0	0	500	520
31	0	3	0	0	500	520
31	0	4	0	0	500	520
31	0	5	0	0	500	520
31	0	6	0	0	500	520
31	0	7	0	0	500	520
31	0	8	0	0	500	520
31	0	9	0	0	500	520
31	0	10	0	0	500	520
31	0	11	0	0	500	520
31	0	12	0	0	500	520
31	0	13	0	0	500	520
31	0	14	0	0	500	520
31	0	15	0	0	500	520
31	0	16	0	0	500	520
31	0	17	0	0	500	520
31	0	18	0	0	500	520
31	0	19	0	0	500	520
31	0	20	0	0	500	520
31	0	21	0	0	500	520
31	0	22	0	0	500	520
31	0	23	0	0	500	520
31	0	24	0	0	500	520
31	0	25	0	0	500	520
31	0	26	0	0	500	520
31	0	27	0	0	500	520
31	0	28	0	0	500	520
31	0	29	0	0	500	520
31	0	30	0	0	500	520
31	0	31	0	0	500	520
### Plane1 (IP:102)
31	1	0	0	0	500	520
31	1	1	0	0	500	520
31	1	2	0	0	500	520
31	1	3	0	0	500	520
31	1	4	0	0	500	520
31	1	5	0	0	500	520
31	1	6	0	0	500	520
31	1	7	0	0	500	520
31	1	8	0	0	500	520
31	1	9	0	0	500	520
31	1	10	0	0	500	520
31	1	11	0	0	500	520
31	1	12	0	0	500	520
31	1	13	0	0	500	520
31	1	14	0	0	500	520
31	1	15	0	0	500	520
31	1	16	0	0	500	520
31	1	17	0	0	500	520
31	1	18	0	0	500	520
31	1	19	0	0	500	520
31	1	20	0	0	500	520
31	1	21	0	0	500	520
31	1	22	0	0	500	520
31	1	23	0	0	500	520
31	1	24	0	0	500	520
31	1	25	0	0	500	520
31	1	26	0	0	500	520
31	1	27	0	0	500	520
31	1	28	0	0	500	520
31	1	29	0	0	500	520
31	1	30	0	0	500	520
31	1	31	0	0	500	520
#########################################################
# RAYRAW TDC                                            #
#########################################################
### Plane0 (IP:101)
31	0	0	1	0	773.143	-1
31	0	1	1	0	777.082	-1
31	0	2	1	0	772.665	-1
31	0	3	1	0	771.701	-1
31	0	4	1	0	771.584	-1
31	0	5	1	0	773.605	-1
31	0	6	1	0	772.21	-1
31	0	7	1	0	767.192	-1
31	0	8	1	0	772.509	-1
31	0	9	1	0	771.19	-1
31	0	10	1	0	768.833	-1
31	0	11	1	0	772.493	-1
31	0	12	1	0	775.01	-1
31	0	13	1	0	766.885	-1
31	0	14	1	0	771.954	-1
31	0	15	1	0	769.398	-1
31	0	16	1	0	769.398	-1
31	0	17	1	0	769.398	-1
31	0	18	1	0	769.398	-1
31	0	19	1	0	769.398	-1
31	0	20	1	0	769.398	-1
31	0	21	1	0	769.398	-1
31	0	22	1	0	769.398	-1
31	0	23	1	0	769.398	-1
31	0	24	1	0	769.398	-1
31	0	25	1	0	769.398	-1
31	0	26	1	0	769.398	-1
31	0	27	1	0	769.398	-1
31	0	28	1	0	769.398	-1
31	0	29	1	0	769.398	-1
31	0	30	1	0	769.398	-1
31	0	31	1	0	769.398	-1
### Plane1 (IP:102)
31	1	0	1	0	773.143	-1
31	1	1	1	0	777.082	-1
31	1	2	1	0	772.665	-1
31	1	3	1	0	771.701	-1
31	1	4	1	0	771.584	-1
31	1	5	1	0	773.605	-1
31	1	6	1	0	772.21	-1
31	1	7	1	0	767.192	-1
31	1	8	1	0	772.509	-1
31	1	9	1	0	771.19	-1
31	1	10	1	0	768.833	-1
31	1	11	1	0	772.493	-1
31	1	12	1	0	775.01	-1
31	1	13	1	0	766.885	-1
31	1	14	1	0	771.954	-1
31	1	15	1	0	769.398	-1
31	1	16	1	0	769.398	-1
31	1	17	1	0	769.398	-1
31	1	18	1	0	769.398	-1
31	1	19	1	0	769.398	-1
31	1	20	1	0	769.398	-1
31	1	21	1	0	769.398	-1
31	1	22	1	0	769.398	-1
31	1	23	1	0	769.398	-1
31	1	24	1	0	769.398	-1
31	1	25	1	0	769.398	-1
31	1	26	1	0	769.398	-1
31	1	27	1	0	769.398	-1
31	1	28	1	0	769.398	-1
31	1	29	1	0	769.398	-1
31	1	30	1	0	769.398	-1
31	1	31	1	0	769.398	-1
#########################################################
# RAYRAW Integral (as LowGain)                          #
#########################################################
### Plane0 (IP:101)
31	0	0	2	0	250	310
31	0	1	2	0	250	310
31	0	2	2	0	250	310
31	0	3	2	0	250	310
31	0	4	2	0	250	310
31	0	5	2	0	250	310
31	0	6	2	0	250	310
31	0	7	2	0	250	310
31	0	8	2	0	250	310
31	0	9	2	0	250	310
31	0	10	2	0	250	310
31	0	11	2	0	250	310
31	0	12	2	0	250	310
31	0	13	2	0	250	310
31	0	14	2	0	250	310
31	0	15	2	0	250	310
31	0	16	2	0	250	310
31	0	17	2	0	250	310
31	0	18	2	0	250	310
31	0	19	2	0	250	310
31	0	20	2	0	250	310
31	0	21	2	0	250	310
31	0	22	2	0	250	310
31	0	23	2	0	250	310
31	0	24	2	0	250	310
31	0	25	2	0	250	310
31	0	26	2	0	250	310
31	0	27	2	0	250	310
31	0	28	2	0	250	310
31	0	29	2	0	250	310
31	0	30	2	0	250	310
31	0	31	2	0	250	310
### Plane1 (IP:102)
31	1	0	2	0	250	310
31	1	1	2	0	250	310
31	1	2	2	0	250	310
31	1	3	2	0	250	310
31	1	4	2	0	250	310
31	1	5	2	0	250	310
31	1	6	2	0	250	310
31	1	7	2	0	250	310
31	1	8	2	0	250	310
31	1	9	2	0	250	310
31	1	10	2	0	250	310
31	1	11	2	0	250	310
31	1	12	2	0	250	310
31	1	13	2	0	250	310
31	1	14	2	0	250	310
31	1	15	2	0	250	310
31	1	16	2	0	250	310
31	1	17	2	0	250	310
31	1	18	2	0	250	310
31	1	19	2	0	250	310
31	1	20	2	0	250	310
31	1	21	2	0	250	310
31	1	22	2	0	250	310
31	1	23	2	0	250	310
31	1	24	2	0	250	310
31	1	25	2	0	250	310
31	1	26	2	0	250	310
31	1	27	2	0	250	310
31	1	28	2	0	250	310
31	1	29	2	0	250	310
31	1	30	2	0	250	310
31	1	31	2	0	250	310
